2231.998129	7135.0
2230.882725	7184.333333
2229.767059	7204.666667
2228.65113	7141.333333
2227.534938	7189.333333
2226.418483	7162.666667
2225.301765	7199.333333
2224.184783	7184.333333
2223.067538	7273.333333
2221.95003	7156.333333
2220.832258	7138.666667
2219.714223	7153.333333
2218.595923	7231.333333
2217.47736	7215.333333
2216.358533	7147.666667
2215.239442	7151.333333
2214.120087	7171.0
2213.000468	7145.333333
2211.880585	7168.333333
2210.760437	7203.333333
2209.640025	7164.333333
2208.519348	7202.0
2207.398406	7147.333333
2206.2772	7187.666667
2205.155729	7223.333333
2204.033993	7207.333333
2202.911992	7216.333333
2201.789725	7148.0
2200.667194	7228.666667
2199.544397	7225.0
2198.421335	7171.333333
2197.298008	7222.666667
2196.174415	7205.333333
2195.050556	7251.666667
2193.926431	7271.666667
2192.802041	7189.666667
2191.677384	7234.666667
2190.552462	7207.666667
2189.427273	7196.666667
2188.301818	7297.666667
2187.176097	7245.0
2186.05011	7244.333333
2184.923856	7295.0
2183.797335	7294.333333
2182.670548	7215.333333
2181.543493	7261.666667
2180.416172	7289.666667
2179.288584	7266.333333
2178.160729	7304.0
2177.032607	7225.0
2175.904217	7317.0
2174.77556	7283.0
2173.646636	7287.333333
2172.517444	7338.666667
2171.387984	7301.0
2170.258257	7312.666667
2169.128262	7247.333333
2167.997999	7322.666667
2166.867467	7352.0
2165.736668	7308.333333
2164.605601	7316.666667
2163.474265	7295.0
2162.342661	7240.333333
2161.210788	7312.666667
2160.078647	7275.666667
2158.946237	7241.333333
2157.813558	7346.333333
2156.680611	7342.0
2155.547394	7337.666667
2154.413909	7313.0
2153.280154	7338.666667
2152.14613	7338.0
2151.011836	7258.0
2149.877274	7309.333333
2148.742441	7290.333333
2147.607339	7318.333333
2146.471968	7360.666667
2145.336326	7400.0
2144.200415	7322.333333
2143.064233	7368.666667
2141.927782	7380.0
2140.79106	7369.666667
2139.654068	7378.666667
2138.516805	7344.333333
2137.379272	7327.0
2136.241469	7352.0
2135.103394	7425.0
2133.965049	7383.0
2132.826434	7395.333333
2131.687547	7343.0
2130.548389	7349.0
2129.40896	7337.333333
2128.269259	7365.333333
2127.129288	7433.0
2125.989044	7365.666667
2124.84853	7408.666667
2123.707743	7382.0
2122.566685	7374.333333
2121.425355	7440.333333
2120.283753	7435.0
2119.14188	7313.333333
2117.999734	7358.666667
2116.857315	7438.0
2115.714625	7414.333333
2114.571662	7431.666667
2113.428426	7409.666667
2112.284918	7404.0
2111.141137	7439.333333
2109.997084	7427.333333
2108.852757	7351.333333
2107.708158	7418.666667
2106.563285	7438.333333
2105.41814	7444.0
2104.272721	7448.666667
2103.127028	7423.333333
2101.981062	7461.0
2100.834823	7459.0
2099.68831	7438.333333
2098.541523	7421.333333
2097.394462	7383.666667
2096.247127	7405.0
2095.099518	7457.0
2093.951635	7480.333333
2092.803478	7438.0
2091.655047	7453.0
2090.506341	7485.333333
2089.35736	7446.666667
2088.208105	7479.666667
2087.058575	7497.0
2085.90877	7434.666667
2084.75869	7467.0
2083.608336	7455.0
2082.457706	7499.333333
2081.306801	7438.0
2080.15562	7497.333333
2079.004164	7483.666667
2077.852433	7463.0
2076.700426	7487.333333
2075.548143	7543.333333
2074.395584	7539.0
2073.24275	7521.666667
2072.089639	7480.333333
2070.936253	7492.0
2069.78259	7517.666667
2068.628651	7492.333333
2067.474435	7468.333333
2066.319943	7494.666667
2065.165174	7540.666667
2064.010129	7524.0
2062.854807	7524.0
2061.699208	7536.0
2060.543331	7526.0
2059.387178	7488.666667
2058.230748	7508.666667
2057.07404	7501.666667
2055.917055	7553.0
2054.759792	7542.333333
2053.602252	7511.333333
2052.444434	7556.333333
2051.286339	7480.333333
2050.127965	7539.333333
2048.969314	7554.666667
2047.810384	7600.0
2046.651176	7552.0
2045.49169	7606.0
2044.331925	7543.333333
2043.171882	7526.0
2042.011561	7563.333333
2040.850961	7561.666667
2039.690081	7581.666667
2038.528924	7540.333333
2037.367487	7523.0
2036.205771	7610.666667
2035.043775	7546.666667
2033.881501	7521.666667
2032.718947	7578.333333
2031.556114	7560.0
2030.393001	7537.0
2029.229608	7558.333333
2028.065936	7576.0
2026.901983	7537.666667
2025.737751	7559.0
2024.573239	7565.666667
2023.408446	7598.666667
2022.243373	7577.333333
2021.07802	7549.666667
2019.912387	7567.666667
2018.746472	7612.0
2017.580277	7592.333333
2016.413802	7570.333333
2015.247045	7539.0
2014.080007	7573.666667
2012.912689	7673.0
2011.745089	7585.333333
2010.577208	7646.0
2009.409045	7599.333333
2008.240601	7632.0
2007.071875	7643.666667
2005.902868	7610.333333
2004.733579	7635.0
2003.564008	7665.333333
2002.394155	7653.0
2001.22402	7599.333333
2000.053602	7605.0
1998.882903	7583.333333
1997.711921	7563.333333
1996.540656	7651.333333
1995.369109	7654.666667
1994.197279	7626.0
1993.025166	7624.666667
1991.852771	7577.333333
1990.680092	7595.666667
1989.507131	7721.666667
1988.333886	7607.0
1987.160358	7650.666667
1985.986546	7651.333333
1984.812451	7649.0
1983.638072	7767.333333
1982.46341	7653.333333
1981.288463	7576.0
1980.113233	7632.333333
1978.937719	7602.666667
1977.761921	7663.0
1976.585838	7641.666667
1975.409471	7641.666667
1974.23282	7670.666667
1973.055884	7721.333333
1971.878663	7648.0
1970.701158	7680.666667
1969.523368	7624.0
1968.345293	7702.666667
1967.166932	7674.333333
1965.988287	7692.666667
1964.809357	7697.666667
1963.630141	7683.0
1962.450639	7674.0
1961.270852	7712.666667
1960.09078	7693.333333
1958.910421	7710.0
1957.729777	7746.666667
1956.548847	7685.0
1955.367631	7695.333333
1954.186128	7746.666667
1953.00434	7649.666667
1951.822264	7713.666667
1950.639903	7793.666667
1949.457255	7776.0
1948.27432	7753.666667
1947.091098	7742.666667
1945.907589	7709.666667
1944.723794	7683.333333
1943.539711	7723.333333
1942.355341	7753.0
1941.170684	7718.333333
1939.985739	7732.333333
1938.800507	7744.666667
1937.614987	7781.666667
1936.429179	7718.666667
1935.243084	7778.0
1934.056701	7815.333333
1932.870029	7750.333333
1931.68307	7833.333333
1930.495822	7746.333333
1929.308286	7832.333333
1928.120461	7767.666667
1926.932348	7862.666667
1925.743946	7803.666667
1924.555255	7715.0
1923.366276	7829.666667
1922.177007	7815.666667
1920.98745	7744.666667
1919.797603	7809.333333
1918.607467	7869.333333
1917.417041	7785.333333
1916.226326	7834.0
1915.035322	7801.333333
1913.844027	7869.666667
1912.652443	7818.333333
1911.460569	7827.333333
1910.268405	7935.666667
1909.075951	7852.333333
1907.883207	7773.333333
1906.690172	7886.666667
1905.496847	7805.0
1904.303231	7762.333333
1903.109324	7877.333333
1901.915127	7828.666667
1900.720639	7815.666667
1899.52586	7831.666667
1898.33079	7834.0
1897.135428	7839.333333
1895.939776	7865.333333
1894.743832	7905.666667
1893.547596	7904.0
1892.351069	7846.666667
1891.15425	7913.666667
1889.957139	7960.666667
1888.759737	7873.0
1887.562042	7900.0
1886.364055	7905.0
1885.165776	7925.333333
1883.967205	7822.666667
1882.768341	7820.333333
1881.569185	7796.666667
1880.369736	7883.666667
1879.169994	7840.333333
1877.969959	7914.666667
1876.769631	7937.666667
1875.569011	7882.0
1874.368097	7905.666667
1873.166889	7919.0
1871.965389	7921.333333
1870.763594	7893.0
1869.561506	7897.666667
1868.359125	7896.333333
1867.156449	7910.0
1865.95348	7902.666667
1864.750217	7915.666667
1863.546659	7883.666667
1862.342807	7891.666667
1861.138661	7951.666667
1859.93422	7913.333333
1858.729485	7900.666667
1857.524455	7967.0
1856.31913	7970.666667
1855.11351	8010.666667
1853.907595	7893.333333
1852.701386	8053.0
1851.49488	7969.666667
1850.28808	7938.333333
1849.080984	8007.333333
1847.873593	8008.0
1846.665905	7925.333333
1845.457923	7893.666667
1844.249644	7946.666667
1843.041069	7991.666667
1841.832198	8001.0
1840.623031	7920.333333
1839.413568	8060.666667
1838.203808	7935.666667
1836.993752	7988.0
1835.783399	8013.666667
1834.572749	7931.666667
1833.361802	8015.333333
1832.150559	8005.666667
1830.939018	8060.0
1829.727181	7979.0
1828.515046	7992.0
1827.302613	7998.666667
1826.089883	7952.0
1824.876856	7964.333333
1823.663531	8041.333333
1822.449907	8023.666667
1821.235986	8060.333333
1820.021767	8011.666667
1818.80725	8035.0
1817.592435	8055.333333
1816.377321	7995.333333
1815.161908	8016.0
1813.946198	8071.333333
1812.730188	8065.666667
1811.513879	7989.333333
1810.297272	8086.333333
1809.080366	8025.333333
1807.86316	8030.333333
1806.645655	8052.333333
1805.427851	8168.0
1804.209748	8005.333333
1802.991345	8082.0
1801.772642	8089.333333
1800.553639	8080.333333
1799.334337	8115.0
1798.114734	8187.666667
1796.894831	8150.333333
1795.674629	8097.666667
1794.454125	8126.333333
1793.233322	8127.0
1792.012217	8118.333333
1790.790812	8164.333333
1789.569107	8089.666667
1788.3471	8106.333333
1787.124793	8117.666667
1785.902184	8098.0
1784.679274	8167.333333
1783.456063	8088.0
1782.23255	8144.666667
1781.008736	8099.0
1779.78462	8157.0
1778.560202	8120.333333
1777.335482	8190.333333
1776.110461	8169.666667
1774.885137	8184.0
1773.659511	8185.333333
1772.433583	8112.333333
1771.207352	8215.0
1769.980819	8210.333333
1768.753983	8228.666667
1767.526844	8238.666667
1766.299403	8251.666667
1765.071658	8210.0
1763.843611	8255.333333
1762.61526	8220.0
1761.386605	8294.333333
1760.157648	8210.333333
1758.928387	8183.0
1757.698822	8194.666667
1756.468953	8241.333333
1755.23878	8213.0
1754.008304	8267.333333
1752.777523	8245.0
1751.546438	8219.333333
1750.315049	8195.333333
1749.083355	8232.666667
1747.851357	8254.666667
1746.619054	8275.0
1745.386447	8314.333333
1744.153534	8365.666667
1742.920316	8250.333333
1741.686794	8316.0
1740.452966	8274.0
1739.218832	8317.0
1737.984394	8254.666667
1736.749649	8353.666667
1735.514599	8294.666667
1734.279244	8317.333333
1733.043582	8373.333333
1731.807614	8323.333333
1730.57134	8337.666667
1729.33476	8371.666667
1728.097874	8364.666667
1726.860681	8400.0
1725.623181	8338.333333
1724.385375	8373.333333
1723.147262	8434.333333
1721.908842	8408.333333
1720.670115	8395.0
1719.431081	8443.333333
1718.19174	8413.333333
1716.952091	8421.333333
1715.712134	8469.0
1714.471871	8496.0
1713.231299	8458.333333
1711.99042	8448.0
1710.749232	8434.666667
1709.507737	8567.666667
1708.265933	8494.666667
1707.023821	8471.0
1705.781401	8515.333333
1704.538672	8511.666667
1703.295635	8537.0
1702.052289	8527.0
1700.808634	8528.666667
1699.56467	8556.333333
1698.320397	8555.333333
1697.075814	8581.0
1695.830923	8538.333333
1694.585722	8592.333333
1693.340211	8661.0
1692.094391	8596.666667
1690.848261	8626.0
1689.601821	8646.0
1688.355071	8625.666667
1687.108011	8651.0
1685.860641	8620.666667
1684.61296	8588.0
1683.364969	8675.0
1682.116668	8623.0
1680.868055	8568.666667
1679.619132	8639.0
1678.369898	8605.666667
1677.120353	8597.666667
1675.870497	8622.666667
1674.62033	8611.333333
1673.369851	8602.333333
1672.11906	8573.666667
1670.867958	8617.0
1669.616545	8628.0
1668.364819	8590.0
1667.112782	8697.666667
1665.860432	8724.0
1664.60777	8713.333333
1663.354796	8768.666667
1662.10151	8780.0
1660.847911	8898.0
1659.593999	8801.0
1658.339775	8853.666667
1657.085237	8830.666667
1655.830387	8810.333333
1654.575224	8786.666667
1653.319747	8821.666667
1652.063957	8782.0
1650.807854	8655.0
1649.551436	8728.333333
1648.294706	8640.0
1647.037661	8651.666667
1645.780303	8670.666667
1644.52263	8767.0
1643.264643	8699.666667
1642.006342	8715.0
1640.747727	8793.666667
1639.488797	8720.666667
1638.229552	8681.0
1636.969993	8698.0
1635.710119	8705.333333
1634.44993	8698.666667
1633.189425	8665.666667
1631.928606	8686.333333
1630.667471	8766.0
1629.406021	8723.0
1628.144255	8756.333333
1626.882173	8689.0
1625.619776	8774.666667
1624.357063	8753.0
1623.094033	8859.0
1621.830688	8771.333333
1620.567026	8726.666667
1619.303048	8821.0
1618.038753	8736.0
1616.774142	8786.0
1615.509214	8776.0
1614.243969	8778.333333
1612.978407	8783.0
1611.712528	8835.666667
1610.446332	8748.333333
1609.179818	8826.333333
1607.912987	8819.333333
1606.645839	8823.333333
1605.378372	8803.666667
1604.110588	8834.333333
1602.842486	8796.333333
1601.574066	8812.333333
1600.305328	8835.333333
1599.036271	8790.0
1597.766896	8833.666667
1596.497203	8831.333333
1595.227191	8842.0
1593.95686	8806.666667
1592.68621	8825.0
1591.415241	8816.0
1590.143953	8793.666667
1588.872346	8860.0
1587.60042	8829.0
1586.328174	8864.666667
1585.055608	8861.666667
1583.782723	8932.333333
1582.509518	8880.333333
1581.235993	8911.333333
1579.962148	8816.0
1578.687982	8853.333333
1577.413496	8890.333333
1576.13869	8916.666667
1574.863564	8856.666667
1573.588116	8881.333333
1572.312348	8907.333333
1571.036259	8930.0
1569.759849	8838.333333
1568.483118	8981.666667
1567.206065	8916.333333
1565.928691	8908.333333
1564.650996	8903.666667
1563.372979	8926.0
1562.09464	8879.666667
1560.815979	9022.666667
1559.536996	8943.333333
1558.257692	8992.666667
1556.978064	8965.333333
1555.698115	8928.666667
1554.417843	8953.666667
1553.137248	8998.333333
1551.856331	8940.666667
1550.575091	9004.0
1549.293528	9036.333333
1548.011642	9047.0
1546.729432	8954.666667
1545.4469	8981.666667
1544.164044	8991.0
1542.880864	9022.666667
1541.59736	9078.0
1540.313533	8951.333333
1539.029382	9071.333333
1537.744907	9074.666667
1536.460107	9097.333333
1535.174984	9062.333333
1533.889535	9045.0
1532.603763	9163.0
1531.317665	9055.0
1530.031243	9066.333333
1528.744496	9062.333333
1527.457424	9114.666667
1526.170027	9198.666667
1524.882304	9184.0
1523.594256	9130.333333
1522.305883	9193.333333
1521.017184	9121.333333
1519.728159	9113.666667
1518.438808	9157.666667
1517.149131	9153.333333
1515.859128	9159.0
1514.568799	9166.666667
1513.278143	9157.0
1511.987161	9240.333333
1510.695853	9269.0
1509.404217	9198.666667
1508.112255	9252.333333
1506.819965	9215.666667
1505.527349	9285.333333
1504.234405	9298.666667
1502.941134	9309.333333
1501.647536	9358.0
1500.353609	9353.333333
1499.059355	9403.666667
1497.764774	9449.333333
1496.469864	9466.333333
1495.174626	9422.666667
1493.87906	9539.666667
1492.583165	9627.0
1491.286943	9597.0
1489.990391	9641.666667
1488.693511	9686.0
1487.396302	9763.666667
1486.098763	9804.0
1484.800896	9878.0
1483.5027	9979.666667
1482.204174	10101.66667
1480.905319	10210.0
1479.606134	10337.33333
1478.306619	10549.33333
1477.006775	10716.33333
1475.7066	11156.66667
1474.406096	11365.0
1473.105261	11779.66667
1471.804096	12430.66667
1470.502601	13226.0
1469.200775	14045.66667
1467.898618	15269.66667
1466.59613	16507.66667
1465.293311	17855.33333
1463.990162	19517.0
1462.686681	20929.66667
1461.382868	22269.66667
1460.078724	23405.66667
1458.774249	24233.0
1457.469442	24678.66667
1456.164303	24752.33333
1454.858832	24606.33333
1453.553029	23861.33333
1452.246894	23110.0
1450.940426	21950.33333
1449.633626	20802.0
1448.326493	19710.66667
1447.019028	18535.66667
1445.711229	17632.0
1444.403098	16890.66667
1443.094634	16453.33333
1441.785836	16128.33333
1440.476705	15918.0
1439.167241	16002.33333
1437.857443	16085.33333
1436.547311	15996.66667
1435.236845	15938.0
1433.926045	15666.0
1432.614912	15372.33333
1431.303444	14950.0
1429.991641	14335.0
1428.679504	13619.33333
1427.367033	12971.0
1426.054226	12204.33333
1424.741085	11532.0
1423.427609	11072.33333
1422.113798	10630.66667
1420.799651	10373.0
1419.485169	10149.33333
1418.170351	10066.33333
1416.855198	9966.0
1415.539709	9894.0
1414.223885	9880.333333
1412.907724	9837.666667
1411.591227	9793.333333
1410.274393	9747.333333
1408.957224	9781.666667
1407.639717	9667.0
1406.321875	9798.333333
1405.003695	9861.333333
1403.685178	9772.333333
1402.366324	9715.0
1401.047134	9705.333333
1399.727605	9831.0
1398.40774	9750.333333
1397.087537	9777.333333
1395.766996	9864.333333
1394.446117	9754.666667
1393.1249	9873.666667
1391.803346	9911.0
1390.481453	9954.333333
1389.159221	9988.666667
1387.836652	10023.0
1386.513743	10121.33333
1385.190496	10301.0
1383.86691	10393.0
1382.542985	10582.0
1381.218721	10674.0
1379.894118	10911.0
1378.569176	11176.0
1377.243893	11266.66667
1375.918272	11470.0
1374.59231	11605.66667
1373.266009	11805.66667
1371.939367	11899.0
1370.612386	12082.33333
1369.285064	12262.0
1367.957402	12470.66667
1366.629399	12844.33333
1365.301055	13062.0
1363.972371	13538.33333
1362.643346	14035.33333
1361.31398	14404.66667
1359.984272	14689.33333
1358.654223	14983.66667
1357.323833	15011.66667
1355.993101	15002.33333
1354.662028	14730.0
1353.330612	14416.33333
1351.998855	14075.33333
1350.666756	13675.0
1349.334314	13257.66667
1348.00153	12896.66667
1346.668403	12612.0
1345.334934	12687.0
1344.001122	12663.33333
1342.666967	12782.0
1341.33247	13179.0
1339.997629	13648.66667
1338.662444	14361.0
1337.326917	15230.66667
1335.991045	16431.0
1334.654831	17576.33333
1333.318272	18943.0
1331.981369	20033.0
1330.644122	20790.66667
1329.306531	21425.0
1327.968596	21541.66667
1326.630316	21586.0
1325.291692	20975.0
1323.952723	20195.66667
1322.613409	19362.33333
1321.27375	18234.33333
1319.933746	16848.66667
1318.593397	15578.0
1317.252702	14639.66667
1315.911662	13920.66667
1314.570276	13349.0
1313.228544	12940.0
1311.886466	12641.66667
1310.544043	12448.0
1309.201273	12415.0
1307.858157	12419.0
1306.514694	12282.66667
1305.170885	12310.33333
1303.826729	12295.66667
1302.482226	12353.0
1301.137376	12473.33333
1299.792179	12437.33333
1298.446635	12496.0
1297.100743	12471.66667
1295.754504	12358.33333
1294.407917	12233.33333
1293.060983	12214.0
1291.7137	12009.0
1290.36607	11941.66667
1289.018091	11833.0
1287.669764	11676.66667
1286.321088	11533.33333
1284.972064	11377.0
1283.622691	11295.33333
1282.27297	11078.33333
1280.922899	11097.33333
1279.572479	11024.66667
1278.22171	10922.0
1276.870592	10922.0
1275.519124	10885.0
1274.167306	10912.0
1272.815138	10856.33333
1271.462621	10814.0
1270.109753	10827.0
1268.756536	10735.66667
1267.402967	10752.33333
1266.049049	10850.0
1264.69478	10798.33333
1263.34016	10957.66667
1261.985189	10956.0
1260.629867	11143.66667
1259.274194	11321.66667
1257.91817	11371.66667
1256.561794	11466.33333
1255.205067	11538.0
1253.847988	11678.0
1252.490557	11542.33333
1251.132774	11605.33333
1249.774639	11539.0
1248.416152	11421.66667
1247.057313	11271.33333
1245.698121	11263.66667
1244.338576	11179.33333
1242.978679	11059.0
1241.618428	11042.33333
1240.257825	11015.0
1238.896868	11030.66667
1237.535558	11083.66667
1236.173895	11073.33333
1234.811878	11163.66667
1233.449507	11227.66667
1232.086782	11362.33333
1230.723704	11567.66667
1229.360271	11778.66667
1227.996484	12029.0
1226.632342	12373.33333
1225.267846	12753.66667
1223.902995	13153.66667
1222.53779	13540.66667
1221.172229	13995.33333
1219.806313	14028.33333
1218.440043	14183.0
1217.073416	14141.33333
1215.706434	14133.0
1214.339097	14000.33333
1212.971403	13712.33333
1211.603354	13291.0
1210.234949	12985.33333
1208.866187	12728.33333
1207.497069	12315.0
1206.127595	11989.33333
1204.757764	11688.66667
1203.387576	11539.0
1202.017031	11294.0
1200.646129	11230.0
1199.27487	11045.66667
1197.903254	11042.66667
1196.53128	10928.0
1195.158949	10859.0
1193.78626	10775.33333
1192.413213	10865.0
1191.039808	10746.33333
1189.666045	10798.33333
1188.291924	10766.66667
1186.917444	10747.66667
1185.542605	10864.66667
1184.167408	10859.66667
1182.791852	10935.33333
1181.415937	11169.33333
1180.039663	11354.33333
1178.66303	11670.66667
1177.286037	12175.66667
1175.908685	12764.0
1174.530973	13396.66667
1173.152901	14203.0
1171.774469	14913.66667
1170.395677	15749.66667
1169.016525	16438.66667
1167.637012	17032.0
1166.257139	17460.0
1164.876905	17859.33333
1163.496311	18238.33333
1162.115355	18591.66667
1160.734039	18865.66667
1159.352361	19323.33333
1157.970322	19733.66667
1156.587921	20180.33333
1155.205158	20681.0
1153.822034	20877.33333
1152.438548	21070.66667
1151.0547	21080.0
1149.670489	20861.66667
1148.285917	20174.0
1146.900981	19303.33333
1145.515683	18381.0
1144.130023	17330.66667
1142.743999	16155.0
1141.357612	14944.33333
1139.970863	13858.0
1138.583749	13134.66667
1137.196273	12402.33333
1135.808432	11938.0
1134.420228	11602.0
1133.03166	11269.66667
1131.642728	11086.0
1130.253431	10915.33333
1128.863771	10786.66667
1127.473746	10664.33333
1126.083356	10616.66667
1124.692601	10546.33333
1123.301482	10581.0
1121.909997	10548.33333
1120.518147	10553.0
1119.125932	10576.33333
1117.733352	10584.33333
1116.340406	10706.33333
1114.947094	10644.33333
1113.553416	10688.0
1112.159372	10830.0
1110.764962	10963.0
1109.370185	11060.66667
1107.975042	11178.0
1106.579533	11395.0
1105.183656	11427.0
1103.787413	11406.0
1102.390803	11431.66667
1100.993825	11408.33333
1099.59648	11403.33333
1098.198768	11243.0
1096.800688	11195.33333
1095.40224	11179.66667
1094.003424	10942.0
1092.604241	10820.33333
1091.204689	10754.66667
1089.804768	10598.33333
1088.404479	10589.66667
1087.003822	10529.0
1085.602796	10575.0
1084.2014	10441.33333
1082.799636	10427.66667
1081.397502	10425.33333
1079.994999	10463.33333
1078.592127	10484.66667
1077.188885	10491.33333
1075.785273	10465.66667
1074.381291	10375.66667
1072.976939	10441.33333
1071.572217	10591.33333
1070.167125	10529.66667
1068.761661	10591.66667
1067.355828	10621.33333
1065.949623	10757.66667
1064.543048	10705.66667
1063.136101	10768.33333
1061.728783	10843.66667
1060.321094	10894.33333
1058.913033	11047.66667
1057.5046	11043.66667
1056.095796	11198.33333
1054.686619	11436.0
1053.277071	11446.33333
1051.86715	11756.0
1050.456857	11987.33333
1049.046191	12222.33333
1047.635152	12537.66667
1046.223741	12788.66667
1044.811956	13221.33333
1043.399799	13584.0
1041.987268	13959.33333
1040.574363	14239.66667
1039.161085	14435.0
1037.747434	14678.33333
1036.333408	14768.33333
1034.919008	14692.33333
1033.504234	14438.0
1032.089086	14252.33333
1030.673564	13913.33333
1029.257666	13533.66667
1027.841394	13246.66667
1026.424747	12910.66667
1025.007725	12530.33333
1023.590328	12192.66667
1022.172555	11951.0
1020.754407	11766.33333
1019.335883	11664.0
1017.916983	11612.0
1016.497707	11503.33333
1015.078055	11461.0
1013.658027	11544.33333
1012.237623	11620.33333
1010.816842	11632.33333
1009.395684	11691.0
1007.974149	11962.0
1006.552238	12269.66667
1005.129949	12474.66667
1003.707283	12994.66667
1002.284239	13336.33333
1000.860818	13716.66667
999.437019	13912.0
998.0128422	14090.0
996.5882873	13965.33333
995.1633542	13847.33333
993.7380428	13568.0
992.3123529	13311.66667
990.8862843	13007.33333
989.4598369	12612.66667
988.0330106	12229.33333
986.6058051	12126.66667
985.1782204	12025.66667
983.7502563	12265.33333
982.3219127	12826.66667
980.8931894	13565.66667
979.4640862	14319.33333
978.034603	15367.33333
976.6047396	16040.0
975.174496	16622.0
973.7438719	17067.0
972.3128672	17268.0
970.8814817	17110.33333
969.4497153	16876.66667
968.0175679	16410.0
966.5850393	15713.33333
965.1521293	14908.66667
963.7188378	14038.33333
962.2851646	13230.33333
960.8511096	12473.0
959.4166727	12252.33333
957.9818536	11785.33333
956.5466523	11657.0
955.1110685	11601.33333
953.6751022	11578.66667
952.2387531	11666.33333
950.8020212	11796.33333
949.3649063	11916.66667
947.9274081	12056.66667
946.4895267	12308.33333
945.0512617	12504.0
943.6126131	12716.33333
942.1735807	12866.33333
940.7341644	12851.0
939.294364	12839.33333
937.8541793	12763.0
936.4136103	12595.66667
934.9726567	12318.0
933.5313184	12073.66667
932.0895952	11809.66667
930.647487	11381.0
929.2049936	11204.0
927.762115	10966.33333
926.3188508	10782.0
924.875201	10693.0
923.4311655	10600.66667
921.986744	10546.0
920.5419364	10451.66667
919.0967426	10496.0
917.6511624	10492.33333
916.2051957	10417.66667
914.7588422	10447.33333
913.3121019	10543.66667
911.8649746	10676.33333
910.4174601	10772.0
908.9695583	10889.33333
907.5212691	11033.66667
906.0725922	11371.33333
904.6235275	11778.0
903.1740749	11989.66667
901.7242342	12262.33333
900.2740052	12341.33333
898.8233878	12408.0
897.3723819	12475.0
895.9209873	12307.0
894.4692038	12115.33333
893.0170313	11958.0
891.5644696	11674.66667
890.1115186	11331.66667
888.6581781	11113.0
887.204448	10960.66667
885.750328	10871.66667
884.2958181	10748.66667
882.8409181	10625.66667
881.3856278	10669.33333
879.9299471	10685.0
878.4738758	10732.66667
877.0174138	10651.33333
875.5605609	10671.66667
874.103317	10824.66667
872.6456818	10863.66667
871.1876553	10952.0
869.7292373	11104.33333
868.2704276	11140.66667
866.811226	11229.66667
865.3516325	11289.0
863.8916469	11424.0
862.4312689	11667.33333
860.9704985	11847.0
859.5093354	11989.33333
858.0477796	12324.0
856.5858309	12586.66667
855.1234891	13047.66667
853.660754	13593.66667
852.1976255	14383.0
850.7341035	15475.33333
849.2701878	16763.33333
847.8058781	18185.66667
846.3411745	19630.0
844.8760766	20638.33333
843.4105845	21532.66667
841.9446978	22427.0
840.4784164	22407.33333
839.0117402	22304.66667
837.544669	22181.0
836.0772027	21456.66667
834.6093411	20475.66667
833.141084	19413.0
831.6724314	18210.66667
830.2033829	17169.0
828.7339385	16360.33333
827.264098	15939.66667
825.7938613	15652.33333
824.3232281	15486.0
822.8521984	15744.33333
821.3807719	15949.66667
819.9089486	16803.0
818.4367282	18106.33333
816.9641106	19600.66667
815.4910956	21419.33333
814.0176831	23193.33333
812.5438729	24785.66667
811.0696649	25911.33333
809.5950589	26509.66667
808.1200547	26399.66667
806.6446521	25940.33333
805.1688511	25083.66667
803.6926514	23526.33333
802.2160529	21739.33333
800.7390555	20058.33333
799.2616589	17907.66667
797.783863	16072.66667
796.3056677	14643.66667
794.8270727	13633.66667
793.348078	12793.33333
791.8686834	12262.0
790.3888886	11859.66667
788.9086936	11494.66667
787.4280982	11226.33333
785.9471022	10970.33333
784.4657054	10721.66667
782.9839078	10608.66667
781.501709	10492.0
780.0191091	10308.66667
778.5361078	10434.0
777.0527049	11030.33333
775.5689003	10063.66667
774.0846938	10020.66667
772.6000853	9922.333333
771.1150746	9952.333333
769.6296615	9967.333333
768.1438459	9938.666667
766.6576276	9765.333333
765.1710065	9889.333333
763.6839824	9751.0
762.196555	9692.333333
760.7087244	9662.666667
759.2204902	9701.0
757.7318524	9614.0
756.2428108	9634.666667
754.7533651	9572.0
753.2635153	9673.0
751.7732612	9617.0
750.2826026	9549.666667
748.7915394	9553.0
747.3000713	9521.666667
745.8081983	9539.0
744.3159202	9608.0
742.8232367	9535.333333
741.3301478	9608.666667
739.8366533	9606.333333
738.3427529	9635.0
736.8484467	9552.333333
735.3537342	9629.333333
733.8586156	9572.666667
732.3630904	9537.333333
730.8671586	9539.333333
729.3708201	9545.666667
727.8740746	9511.333333
726.376922	9569.333333
724.8793622	9439.0
723.3813949	9434.333333
721.88302	9311.333333
720.3842373	9408.666667
718.8850467	9293.333333
717.385448	9348.333333
715.885441	9252.333333
714.3850256	9312.666667
712.8842016	9285.0
711.3829688	9377.0
709.8813271	9336.666667
708.3792763	9291.666667
706.8768162	9277.0
705.3739467	9241.666667
703.8706677	9329.333333
702.3669788	9321.333333
700.8628801	9282.333333
699.3583712	9251.0
697.8534521	9202.333333
696.3481225	9229.666667
694.8423824	9273.0
693.3362315	9294.333333
691.8296697	9272.333333
690.3226967	9235.0
688.8153126	9321.0
687.307517	9289.666667
685.7993097	9274.0
684.2906908	9271.333333
682.7816599	9221.666667
681.2722169	9264.0
679.7623616	9276.666667
678.2520939	9373.666667
676.7414136	9260.333333
675.2303205	9247.333333
673.7188145	9283.0
672.2068954	9263.666667
670.694563	9329.0
669.1818172	9242.666667
667.6686577	9247.333333
666.1550845	9270.333333
664.6410973	9240.666667
663.126696	9318.333333
661.6118804	9348.666667
660.0966504	9287.333333
658.5810057	9328.0
657.0649463	9322.666667
655.5484719	9260.0
654.0315823	9260.333333
652.5142775	9325.666667
650.9965571	9333.333333
649.4784212	9340.333333
647.9598694	9282.333333
646.4409017	9383.333333
644.9215178	9360.333333
643.4017175	9343.666667
641.8815008	9377.0
640.3608675	9395.333333
638.8398173	9357.333333
637.3183501	9333.333333
635.7964657	9464.0
634.274164	9293.0
632.7514448	9408.333333
631.2283078	9433.333333
629.7047531	9381.666667
628.1807803	9431.333333
626.6563893	9430.666667
625.13158	9428.666667
623.6063521	9517.333333
622.0807055	9491.0
620.5546401	9477.333333
619.0281555	9452.333333
617.5012518	9501.0
615.9739287	9576.0
614.446186	9545.0
612.9180235	9554.666667
611.3894412	9535.0
609.8604387	9566.333333
608.331016	9573.0
606.8011729	9481.0
605.2709092	9551.666667
603.7402247	9580.0
602.2091193	9535.666667
600.6775928	9608.0
599.145645	9563.333333
597.6132757	9625.0
596.0804848	9640.333333
594.547272	9599.666667
593.0136373	9729.333333
591.4795805	9668.0
589.9451013	9693.333333
588.4101996	9701.0
586.8748752	9763.0
585.339128	9624.666667
583.8029578	9635.333333
582.2663644	9789.333333
580.7293476	9761.666667
579.1919073	9778.333333
577.6540432	9837.666667
576.1157553	9941.666667
574.5770433	9917.333333
573.0379071	9960.333333
571.4983465	9974.333333
569.9583612	10048.0
568.4179512	10209.33333
566.8771163	10135.0
565.3358563	10258.0
563.794171	10215.33333
562.2520602	10244.33333
560.7095238	10276.0
559.1665615	10402.0
557.6231733	10344.33333
556.079359	10501.66667
554.5351183	10571.33333
552.990451	10661.33333
551.4453571	10760.33333
549.8998364	10884.66667
548.3538886	10951.66667
546.8075135	11100.33333
545.2607111	11326.66667
543.7134811	11521.66667
542.1658234	11879.33333
540.6177378	12033.33333
539.069224	12377.33333
537.520282	12662.66667
535.9709116	13081.33333
534.4211125	13300.66667
532.8708846	13354.0
531.3202278	13708.0
529.7691417	13785.0
528.2176264	13811.66667
526.6656815	13717.66667
525.113307	13588.0
523.5605026	13503.33333
522.0072681	13292.0
520.4536034	12955.66667
518.8995084	12652.0
517.3449827	12463.66667
515.7900263	12055.33333
514.234639	11910.0
512.6788205	11614.66667
511.1225708	11379.33333
509.5658896	11298.33333
508.0087768	11119.66667
506.4512321	11052.66667
504.8932555	10929.66667
503.3348466	10829.33333
501.7760055	10852.33333
500.2167317	10781.0
498.6570253	10859.66667
497.0968859	10781.66667
495.5363135	10826.66667
493.9753079	10811.33333
492.4138688	10815.66667
490.851996	10879.33333
489.2896895	10887.33333
487.7269491	10951.66667
486.1637745	11001.66667
484.6001655	10987.0
483.036122	11029.66667
481.4716439	11089.0
479.9067309	11146.0
478.3413828	11282.0
476.7755995	11466.66667
475.2093808	11631.0
473.6427265	11736.66667
472.0756364	12045.33333
470.5081104	12326.0
468.9401482	12724.33333
467.3717497	13276.0
465.8029147	13633.66667
464.2336431	14180.66667
462.6639346	14529.33333
461.093789	14900.33333
459.5232063	15191.0
457.9521861	15466.33333
456.3807283	15233.66667
454.8088328	15264.33333
453.2364993	15028.66667
451.6637277	14848.0
450.0905178	14332.66667
448.5168694	14039.33333
446.9427824	13660.0
445.3682564	13287.66667
443.7932914	12940.0
442.2178872	12880.66667
440.6420436	12676.66667
439.0657604	12520.33333
437.4890375	12537.33333
435.9118746	12478.66667
434.3342715	12446.0
432.7562281	12592.0
431.1777443	12473.33333
429.5988197	12588.33333
428.0194543	12632.0
426.4396478	12714.66667
424.8594	12832.66667
423.2787109	13072.66667
421.6975802	13174.33333
420.1160076	13333.66667
418.5339931	13600.66667
416.9515364	13986.0
415.3686374	14348.0
413.7852959	14796.66667
412.2015116	15525.33333
410.6172845	16422.0
409.0326143	17417.33333
407.4475008	18869.0
405.8619439	20210.66667
404.2759433	21581.66667
402.6894989	22392.33333
401.1026105	23084.66667
399.515278	23078.66667
397.927501	22892.0
396.3392795	22432.33333
394.7506132	21684.0
393.1615021	20474.66667
391.5719457	19139.66667
389.9819441	17735.66667
388.391497	16402.66667
386.8006043	15282.0
385.2092656	14249.66667
383.617481	13604.33333
382.02525	13044.0
380.4325727	12814.33333
378.8394488	12390.66667
377.245878	12265.66667
375.6518603	12044.66667
374.0573954	11970.66667
372.4624832	11910.33333
370.8671234	11833.33333
369.2713159	11742.0
367.6750605	11798.66667
366.0783569	11681.66667
364.4812051	11712.66667
362.8836048	11634.66667
361.2855558	11639.66667
359.687058	11602.66667
358.0881111	11638.66667
356.488715	11664.66667
354.8888695	11647.0
353.2885744	11738.66667
351.6878295	11860.0
350.0866346	11857.66667
348.4849895	11884.33333
346.8828941	12092.33333
345.2803481	12175.0
343.6773514	12212.33333
342.0739037	12461.33333
340.4700049	12603.33333
338.8656548	12731.33333
337.2608533	12955.0
335.6556	13088.66667
334.0498949	13394.0
332.4437377	13704.66667
330.8371282	14073.33333
329.2300663	14500.66667
327.6225518	14781.0
326.0145844	15013.0
324.4061641	15156.0
322.7972905	15326.33333
321.1879635	15446.0
319.5781829	15360.66667
317.9679486	15147.0
316.3572603	14965.33333
314.7461178	14615.66667
313.134521	14532.66667
311.5224697	14219.33333
309.9099636	13803.0
308.2970026	13657.66667
306.6835865	13457.0
305.0697151	13119.0
303.4553881	13104.0
301.8406055	12949.33333
300.225367	12883.33333
298.6096725	12812.33333
296.9935216	12718.66667
295.3769144	12708.66667
293.7598504	12751.33333
292.1423297	12706.66667
290.5243518	12835.0
288.9059168	12748.0
287.2870244	12835.33333
285.6676743	12855.33333
284.0478664	12955.0
282.4276006	13084.33333
280.8068765	13195.33333
279.1856941	13344.0
277.5640531	13378.66667
275.9419533	13488.66667
274.3193945	13703.33333
272.6963766	13856.0
271.0728993	14080.33333
269.4489625	14397.0
267.824566	14493.0
266.1997095	14763.33333
264.5743929	15047.66667
262.948616	15376.33333
261.3223785	15674.0
259.6956804	15868.66667
258.0685213	16156.33333
256.4409012	16391.33333
254.8128197	16462.33333
253.1842768	16702.66667
251.5552721	16696.33333
249.9258056	16578.66667
248.295877	16598.66667
246.6654862	16469.33333
245.0346328	16415.66667
243.4033169	16168.0
241.771538	16134.33333
240.1392961	15838.66667
238.506591	15732.66667
236.8734224	15531.66667
235.2397901	15547.33333
233.6056941	15314.66667
231.971134	15207.66667
230.3361096	15302.33333
228.7006209	15312.66667
227.0646675	15307.66667
225.4282492	15233.66667
223.791366	15310.0
222.1540176	15278.0
220.5162037	15232.0
218.8779242	15254.0
217.239179	15418.33333
215.5999677	15376.66667
213.9602902	15435.0
212.3201463	15559.66667
210.6795358	15459.33333
209.0384586	15556.66667
207.3969143	15678.33333
205.7549028	15851.33333
204.112424	15989.0
202.4694775	16043.66667
200.8260633	16214.33333
