2390.598861	10165.0
2389.519802	10194.0
2388.440493	10402.5
2387.360933	11002.5
2386.281122	12299.0
2385.201061	11284.5
2384.120749	11321.0
2383.040186	11307.0
2381.959372	10693.0
2380.878307	10108.5
2379.79699	10156.5
2378.715423	10231.0
2377.633604	10301.5
2376.551533	10177.5
2375.469211	10160.5
2374.386638	10207.5
2373.303812	10333.5
2372.220735	10248.5
2371.137406	10421.0
2370.053825	10341.0
2368.969992	10370.0
2367.885907	10369.0
2366.80157	10339.5
2365.71698	10377.0
2364.632138	10358.0
2363.547043	10431.0
2362.461696	10431.0
2361.376096	10445.0
2360.290243	10394.5
2359.204138	10411.0
2358.117779	10459.5
2357.031168	10424.5
2355.944303	10391.0
2354.857185	10379.5
2353.769814	10436.5
2352.68219	10360.0
2351.594312	10434.5
2350.50618	10573.5
2349.417795	10410.5
2348.329156	10421.0
2347.240263	10376.0
2346.151117	10519.5
2345.061716	10509.5
2343.972062	10382.0
2342.882153	10332.0
2341.79199	10429.0
2340.701572	10445.0
2339.6109	10529.0
2338.519974	10501.0
2337.428793	10511.0
2336.337357	10601.5
2335.245666	10633.5
2334.153721	10614.5
2333.06152	10580.5
2331.969065	10714.0
2330.876354	10752.5
2329.783388	10830.5
2328.690167	10860.0
2327.59669	10961.5
2326.502958	10853.5
2325.408971	10858.5
2324.314727	10883.5
2323.220228	10848.5
2322.125473	10809.5
2321.030462	10739.5
2319.935195	10783.0
2318.839672	10776.0
2317.743892	10763.0
2316.647856	10707.0
2315.551564	10667.5
2314.455016	10657.0
2313.358211	10795.5
2312.261149	10784.5
2311.16383	10677.0
2310.066255	10771.5
2308.968422	10798.0
2307.870333	10775.0
2306.771986	10810.5
2305.673382	10788.0
2304.574521	10881.5
2303.475403	10885.5
2302.376027	10802.0
2301.276393	10881.5
2300.176502	10851.0
2299.076353	10885.5
2297.975947	10969.0
2296.875282	10947.5
2295.774359	10953.5
2294.673179	10873.0
2293.57174	10916.0
2292.470042	10836.0
2291.368087	10990.5
2290.265872	10968.0
2289.1634	10901.5
2288.060668	10870.0
2286.957678	11013.5
2285.854429	10888.0
2284.750921	10955.0
2283.647155	10904.0
2282.543129	11081.0
2281.438843	11129.0
2280.334299	11129.0
2279.229495	11151.0
2278.124432	11075.5
2277.019109	11107.0
2275.913526	11190.5
2274.807684	11206.0
2273.701582	11143.0
2272.59522	11223.0
2271.488598	11166.0
2270.381716	11178.5
2269.274573	11291.5
2268.167171	11345.5
2267.059508	11222.5
2265.951584	11227.5
2264.8434	11251.5
2263.734955	11309.5
2262.62625	11238.0
2261.517284	11251.5
2260.408056	11231.5
2259.298568	11252.5
2258.188819	11390.5
2257.078808	11322.5
2255.968536	11180.0
2254.858003	11400.0
2253.747208	11377.0
2252.636152	11339.0
2251.524834	11444.5
2250.413254	11330.5
2249.301413	11375.5
2248.189309	11544.0
2247.076943	11512.5
2245.964316	11481.0
2244.851426	11504.0
2243.738273	11515.5
2242.624859	11484.0
2241.511182	11526.0
2240.397242	11521.0
2239.28304	11643.0
2238.168574	11586.5
2237.053846	11539.0
2235.938855	11494.5
2234.823601	11699.0
2233.708084	11616.0
2232.592304	11570.0
2231.47626	11604.0
2230.359953	11521.0
2229.243382	11625.5
2228.126548	11628.5
2227.00945	11617.0
2225.892088	11589.0
2224.774462	11609.5
2223.656572	11561.0
2222.538419	11566.5
2221.420001	11531.0
2220.301318	11593.5
2219.182372	11631.5
2218.063161	11766.0
2216.943685	11600.5
2215.823945	11653.5
2214.70394	11588.5
2213.583671	11663.5
2212.463136	11586.5
2211.342336	11673.0
2210.221272	11680.5
2209.099942	11780.5
2207.978347	11679.5
2206.856486	11708.0
2205.73436	11731.5
2204.611968	11656.0
2203.489311	11799.5
2202.366388	11795.0
2201.243199	11758.5
2200.119744	11736.0
2198.996023	11747.5
2197.872036	11576.0
2196.747783	11840.5
2195.623263	11827.0
2194.498477	11770.0
2193.373425	11858.0
2192.248106	11748.5
2191.12252	11753.0
2189.996667	11941.0
2188.870548	11733.5
2187.744161	11846.0
2186.617508	11867.5
2185.490587	11843.0
2184.363399	11935.5
2183.235944	11854.0
2182.108221	11925.0
2180.980231	11954.5
2179.851973	11953.0
2178.723447	12060.0
2177.594653	11994.0
2176.465592	11918.0
2175.336262	12032.5
2174.206665	11981.0
2173.076799	12065.0
2171.946665	12027.0
2170.816262	11958.5
2169.685591	12021.0
2168.554651	11999.5
2167.423443	12036.5
2166.291966	12024.0
2165.16022	12040.5
2164.028205	11974.0
2162.895921	12081.0
2161.763367	12004.5
2160.630545	12056.0
2159.497453	12009.5
2158.364092	11983.0
2157.230461	12109.5
2156.09656	12234.0
2154.96239	12190.0
2153.82795	12235.5
2152.69324	12213.0
2151.55826	12160.0
2150.42301	12225.0
2149.287489	12195.5
2148.151698	12125.0
2147.015637	12302.5
2145.879306	12245.0
2144.742703	12269.5
2143.60583	12231.5
2142.468687	12274.0
2141.331272	12257.5
2140.193586	12278.0
2139.055629	12298.5
2137.917401	12419.0
2136.778902	12381.0
2135.640132	12362.5
2134.50109	12360.0
2133.361776	12408.5
2132.222191	12451.0
2131.082334	12357.0
2129.942205	12325.5
2128.801804	12421.0
2127.661131	12410.5
2126.520186	12414.0
2125.378968	12540.0
2124.237479	12499.86896
2123.095716	12573.74194
2121.953682	12579.11896
2120.811374	12588.5
2119.668794	12647.0
2118.525941	12564.5
2117.382816	12666.5
2116.239417	12625.5
2115.095745	12686.5
2113.951799	12645.5
2112.807581	12727.5
2111.663089	12687.0
2110.518324	12627.0
2109.373284	12654.5
2108.227972	12744.0
2107.082385	12673.0
2105.936525	12850.5
2104.79039	12640.5
2103.643982	12748.5
2102.497299	12743.5
2101.350342	12756.5
2100.20311	12691.5
2099.055604	12783.0
2097.907824	12778.5
2096.759768	12893.5
2095.611438	12758.0
2094.462833	12911.5
2093.313953	12725.0
2092.164798	12702.5
2091.015368	12865.0
2089.865663	12989.5
2088.715682	12882.0
2087.565426	13050.5
2086.414894	12918.5
2085.264086	13016.5
2084.113003	12939.5
2082.961644	13008.0
2081.810008	12939.5
2080.658097	12971.0
2079.50591	12911.0
2078.353446	13072.5
2077.200706	13042.5
2076.047689	13077.0
2074.894396	13059.5
2073.740827	13132.0
2072.58698	13213.5
2071.432857	13069.5
2070.278456	13019.5
2069.123779	13043.5
2067.968824	13052.5
2066.813593	12993.5
2065.658084	13128.5
2064.502297	13167.0
2063.346233	13144.5
2062.189891	13190.0
2061.033271	13152.5
2059.876374	13307.5
2058.719198	13190.0
2057.561745	13222.0
2056.404013	13258.5
2055.246004	13345.5
2054.087715	13326.5
2052.929149	13349.0
2051.770303	13386.0
2050.61118	13286.5
2049.451777	13356.5
2048.292095	13351.5
2047.132135	13429.0
2045.971895	13323.0
2044.811377	13350.0
2043.650579	13493.0
2042.489502	13477.5
2041.328145	13434.5
2040.166509	13496.0
2039.004593	13520.0
2037.842397	13451.5
2036.679921	13516.5
2035.517166	13582.0
2034.35413	13444.5
2033.190815	13432.5
2032.027219	13593.0
2030.863342	13603.5
2029.699185	13570.0
2028.534748	13557.5
2027.37003	13541.0
2026.205031	13699.5
2025.039751	13815.0
2023.874191	13758.5
2022.708349	13718.5
2021.542226	13624.5
2020.375822	13888.5
2019.209136	13805.0
2018.042169	13755.0
2016.874921	13786.0
2015.70739	13831.0
2014.539578	13711.5
2013.371484	13832.0
2012.203108	13904.0
2011.03445	13905.0
2009.86551	13789.0
2008.696288	13816.5
2007.526783	13908.0
2006.356995	13867.0
2005.186925	13847.5
2004.016573	13842.0
2002.845937	14024.0
2001.675019	13947.5
2000.503818	14027.0
1999.332333	14088.0
1998.160565	13997.0
1996.988514	14085.5
1995.81618	14128.0
1994.643562	14117.5
1993.470661	14160.5
1992.297475	13999.5
1991.124006	14251.0
1989.950253	14190.0
1988.776216	14188.0
1987.601895	14147.5
1986.42729	14128.0
1985.2524	14346.0
1984.077226	14316.0
1982.901767	14329.5
1981.726024	14203.0
1980.549996	14248.5
1979.373683	14221.5
1978.197085	14172.0
1977.020202	14379.0
1975.843034	14315.5
1974.665581	14275.5
1973.487842	14409.5
1972.309818	14458.0
1971.131508	14525.0
1969.952912	14396.5
1968.774031	14504.0
1967.594864	14469.5
1966.415411	14639.0
1965.235672	14563.0
1964.055646	14609.0
1962.875335	14615.0
1961.694737	14708.5
1960.513852	14764.0
1959.332681	14788.5
1958.151223	14752.0
1956.969478	14629.5
1955.787447	14798.5
1954.605128	14703.0
1953.422522	14686.0
1952.239629	14959.5
1951.056449	14804.0
1949.872981	14853.5
1948.689226	14947.0
1947.505183	14975.0
1946.320852	15014.5
1945.136233	14949.5
1943.951327	14949.5
1942.766132	14979.0
1941.580649	15037.5
1940.394878	15040.0
1939.208819	15045.5
1938.022471	15012.5
1936.835834	15128.5
1935.648909	15247.5
1934.461695	15067.0
1933.274192	15209.5
1932.0864	15213.0
1930.898319	15250.5
1929.709948	15353.5
1928.521289	15330.0
1927.33234	15415.5
1926.143101	15354.0
1924.953573	15413.0
1923.763755	15403.5
1922.573647	15327.5
1921.383249	15329.5
1920.192561	15412.0
1919.001583	15471.0
1917.810315	15424.0
1916.618756	15495.5
1915.426907	15610.5
1914.234767	15389.5
1913.042337	15590.0
1911.849615	15589.0
1910.656603	15523.5
1909.4633	15653.5
1908.269706	15583.0
1907.07582	15750.0
1905.881643	15794.0
1904.687175	15718.5
1903.492415	15803.5
1902.297363	15884.0
1901.10202	15788.0
1899.906385	15777.0
1898.710458	15872.0
1897.514238	15885.0
1896.317727	15909.5
1895.120923	15981.5
1893.923827	16098.0
1892.726439	15845.5
1891.528757	15885.0
1890.330783	16021.5
1889.132517	15932.0
1887.933957	16015.0
1886.735104	16050.5
1885.535958	16057.5
1884.336519	16023.5
1883.136787	15983.0
1881.936761	16112.0
1880.736441	16060.0
1879.535828	16082.5
1878.334921	16169.5
1877.13372	16033.0
1875.932225	16314.0
1874.730436	16202.0
1873.528352	16182.5
1872.325975	16388.5
1871.123303	16225.5
1869.920336	16499.0
1868.717075	16472.5
1867.513519	16450.5
1866.309668	16474.5
1865.105522	16504.0
1863.901081	16504.0
1862.696345	16521.5
1861.491314	16401.5
1860.285987	16484.0
1859.080364	16578.0
1857.874446	16466.0
1856.668233	16584.5
1855.461723	16560.5
1854.254918	16634.0
1853.047816	16735.5
1851.840418	16742.0
1850.632724	16546.5
1849.424734	16813.5
1848.216447	16805.5
1847.007864	16769.0
1845.798983	16983.0
1844.589806	16932.5
1843.380332	16913.0
1842.170561	16974.5
1840.960493	16945.5
1839.750128	16935.5
1838.539465	17023.0
1837.328505	17187.0
1836.117247	17068.0
1834.905692	17175.5
1833.693838	17146.0
1832.481687	17092.5
1831.269238	17230.5
1830.05649	17288.5
1828.843445	17136.0
1827.630101	17268.5
1826.416459	17184.0
1825.202518	17299.0
1823.988278	17209.0
1822.773739	17367.0
1821.558902	17356.0
1820.343766	17218.5
1819.12833	17447.5
1817.912596	17401.0
1816.696562	17499.5
1815.480228	17625.5
1814.263595	17582.5
1813.046662	17531.5
1811.82943	17695.0
1810.611898	17618.0
1809.394065	17745.5
1808.175933	17705.5
1806.9575	17680.0
1805.738767	17700.0
1804.519734	17886.5
1803.3004	17779.0
1802.080765	17702.0
1800.86083	17923.5
1799.640593	17946.5
1798.420056	17958.5
1797.199217	18056.0
1795.978078	17856.0
1794.756637	17895.0
1793.534894	18030.0
1792.31285	17999.5
1791.090505	18055.5
1789.867857	18127.5
1788.644908	18150.0
1787.421657	18156.5
1786.198103	18442.0
1784.974248	18262.0
1783.75009	18394.5
1782.52563	18277.5
1781.300867	18543.5
1780.075801	18547.0
1778.850433	18626.5
1777.624761	18712.0
1776.398787	18488.5
1775.17251	18726.5
1773.945929	18760.5
1772.719045	18772.5
1771.491858	18872.0
1770.264367	19033.0
1769.036572	18983.0
1767.808474	18771.5
1766.580072	19014.5
1765.351365	19031.5
1764.122355	19296.5
1762.89304	19459.0
1761.663421	19486.5
1760.433498	19620.0
1759.20327	19732.5
1757.972737	19932.0
1756.7419	20171.5
1755.510757	20433.5
1754.27931	20761.5
1753.047557	20951.0
1751.815499	21666.5
1750.583136	21992.5
1749.350467	22300.5
1748.117493	23055.0
1746.884213	23759.0
1745.650627	24493.0
1744.416736	24813.5
1743.182538	25506.5
1741.948034	26000.0
1740.713224	26696.0
1739.478107	27348.0
1738.242684	28086.5
1737.006955	28206.0
1735.770918	28733.0
1734.534575	29336.0
1733.297925	29309.0
1732.060968	29547.0
1730.823703	29555.5
1729.586131	29779.5
1728.348252	29662.5
1727.110066	29548.0
1725.871571	29403.5
1724.632769	29038.0
1723.39366	28673.0
1722.154242	28480.5
1720.914516	27988.5
1719.674482	27768.0
1718.434139	27470.5
1717.193488	27191.0
1715.952529	26856.5
1714.711261	26679.0
1713.469684	26444.0
1712.227798	26227.0
1710.985603	26121.0
1709.743099	25850.5
1708.500286	25471.0
1707.257164	25324.5
1706.013732	25064.5
1704.76999	24761.0
1703.525939	24402.0
1702.281578	24047.0
1701.036907	23622.0
1699.791926	23682.5
1698.546634	23489.0
1697.301033	23069.5
1696.055121	22708.0
1694.808899	22658.0
1693.562366	22447.0
1692.315522	22501.5
1691.068367	22349.5
1689.820902	22027.0
1688.573125	22090.0
1687.325037	21905.0
1686.076638	22094.5
1684.827927	21787.0
1683.578905	21769.5
1682.329571	21894.5
1681.079926	21853.0
1679.829968	21711.5
1678.579699	21831.5
1677.329117	21803.5
1676.078223	21727.0
1674.827017	21938.0
1673.575498	21726.5
1672.323667	21769.0
1671.071523	21659.0
1669.819066	21927.5
1668.566296	22109.5
1667.313213	22222.5
1666.059817	22561.0
1664.806107	23156.0
1663.552085	23697.5
1662.297748	24338.0
1661.043098	24606.5
1659.788135	24849.5
1658.532857	24669.5
1657.277265	24751.0
1656.021359	24304.0
1654.765139	24029.0
1653.508605	23394.5
1652.251756	23061.0
1650.994593	22508.5
1649.737115	22418.5
1648.479322	22246.0
1647.221214	22251.5
1645.962791	22388.5
1644.704053	22561.0
1643.445	22472.0
1642.185631	22463.0
1640.925946	22620.5
1639.665946	22704.5
1638.405631	22593.0
1637.144999	22661.5
1635.884051	22768.5
1634.622787	22785.0
1633.361207	23013.5
1632.099311	22877.5
1630.837098	22927.0
1629.574569	23068.0
1628.311722	22876.5
1627.048559	23122.0
1625.785079	23077.5
1624.521282	23036.0
1623.257168	23037.0
1621.992737	23228.5
1620.727988	23194.0
1619.462921	23188.5
1618.197537	23153.0
1616.931835	23399.5
1615.665815	23507.5
1614.399477	23464.5
1613.132821	23576.0
1611.865847	23689.5
1610.598554	23662.0
1609.330943	23845.5
1608.063013	23818.0
1606.794765	23792.5
1605.526197	23880.0
1604.257311	23770.5
1602.988105	23927.0
1601.71858	23914.5
1600.448736	23923.5
1599.178573	23956.5
1597.90809	24006.5
1596.637287	24161.0
1595.366164	24178.0
1594.094722	24147.5
1592.822959	24396.5
1591.550876	24289.0
1590.278473	24492.0
1589.00575	24208.0
1587.732705	24253.5
1586.459341	24407.0
1585.185655	24595.0
1583.911649	24466.0
1582.637321	24417.5
1581.362672	24733.0
1580.087703	24675.5
1578.812411	24671.5
1577.536798	24880.0
1576.260864	24776.5
1574.984608	24875.0
1573.70803	24718.5
1572.43113	25057.0
1571.153907	25008.0
1569.876363	24991.0
1568.598496	25132.0
1567.320307	25306.0
1566.041795	25270.0
1564.76296	25157.5
1563.483803	25244.0
1562.204323	25168.5
1560.924519	25274.0
1559.644392	25373.0
1558.363942	25404.0
1557.083169	25673.5
1555.802072	25680.0
1554.520651	25696.5
1553.238906	25859.0
1551.956838	25895.0
1550.674445	25846.0
1549.391728	25980.5
1548.108687	25820.5
1546.825322	25835.0
1545.541631	26126.0
1544.257617	26101.5
1542.973277	26113.5
1541.688612	26004.5
1540.403623	26018.0
1539.118308	26134.5
1537.832668	26201.5
1536.546702	26187.5
1535.260411	26399.0
1533.973795	26298.0
1532.686852	26380.0
1531.399584	26445.5
1530.111989	26494.5
1528.824069	26547.0
1527.535822	26981.0
1526.247249	26865.0
1524.958349	26750.5
1523.669123	26796.5
1522.379569	26978.0
1521.089689	27018.0
1519.799482	27291.5
1518.508948	27316.0
1517.218086	27240.0
1515.926897	27244.5
1514.635381	27265.0
1513.343537	27483.0
1512.051365	27360.0
1510.758865	27481.5
1509.466037	27615.5
1508.172881	27754.5
1506.879397	27695.0
1505.585584	27656.0
1504.291443	27849.5
1502.996973	27904.5
1501.702175	27985.5
1500.407048	27918.0
1499.111591	28110.5
1497.815806	28461.5
1496.519691	28482.5
1495.223247	28641.5
1493.926473	28384.5
1492.629369	28465.0
1491.331936	28968.5
1490.034173	28994.0
1488.73608	29118.5
1487.437657	29220.0
1486.138904	29194.0
1484.83982	29531.0
1483.540405	29554.5
1482.24066	29599.5
1480.940585	30024.0
1479.640178	30162.0
1478.33944	30480.5
1477.038372	30657.5
1475.736971	30999.0
1474.43524	31210.0
1473.133177	31679.0
1471.830782	31821.5
1470.528056	32280.5
1469.224998	32558.0
1467.921607	33332.0
1466.617885	33888.5
1465.31383	34401.0
1464.009443	34987.0
1462.704723	36068.0
1461.39967	37154.0
1460.094285	38258.5
1458.788567	39465.5
1457.482516	41136.5
1456.176132	43169.0
1454.869414	45406.5
1453.562363	47987.5
1452.254978	50707.0
1450.94726	54123.5
1449.639208	57511.0
1448.330822	60526.5
1447.022102	64265.0
1445.713048	67226.5
1444.403659	69997.0
1443.093936	72643.0
1441.783878	74703.0
1440.473486	75483.0
1439.162759	76834.0
1437.851697	77064.5
1436.5403	76628.5
1435.228567	75875.5
1433.9165	75094.0
1432.604096	73572.0
1431.291358	72147.5
1429.978283	70387.5
1428.664873	68338.0
1427.351127	66498.5
1426.037044	64795.0
1424.722625	62990.5
1423.40787	61205.5
1422.092779	59411.0
1420.777351	57970.5
1419.461586	56263.0
1418.145484	54877.0
1416.829045	53628.0
1415.512269	52768.5
1414.195156	51945.5
1412.877706	50839.0
1411.559918	49775.0
1410.241792	49018.5
1408.923328	48518.5
1407.604527	48247.5
1406.285387	47347.5
1404.96591	47092.5
1403.646094	46477.0
1402.325939	46541.5
1401.005446	46107.5
1399.684615	45807.0
1398.363444	45739.5
1397.041935	45656.0
1395.720086	45823.5
1394.397898	45602.0
1393.075371	45874.0
1391.752505	45961.0
1390.429299	46703.0
1389.105753	47242.5
1387.781867	47700.5
1386.457641	48504.0
1385.133076	49277.5
1383.808169	50270.0
1382.482923	51233.5
1381.157336	51755.0
1379.831408	52840.5
1378.50514	53937.0
1377.178531	54215.5
1375.85158	54636.5
1374.524289	55038.5
1373.196656	55367.5
1371.868682	55793.5
1370.540366	55770.0
1369.211708	56089.0
1367.882709	55743.0
1366.553368	55988.5
1365.223684	56467.0
1363.893659	56173.5
1362.563291	56052.5
1361.23258	56793.5
1359.901527	56853.5
1358.570132	56955.5
1357.238393	56980.0
1355.906311	56999.5
1354.573886	57220.5
1353.241118	56929.5
1351.908007	56619.5
1350.574552	56471.5
1349.240753	56400.5
1347.90661	55713.0
1346.572124	55313.5
1345.237293	54747.0
1343.902119	54857.0
1342.5666	53994.5
1341.230736	53412.0
1339.894528	52862.0
1338.557975	52479.5
1337.221077	52230.5
1335.883835	51679.5
1334.546247	51156.0
1333.208314	50643.0
1331.870035	50608.0
1330.531411	50134.0
1329.192441	49921.5
1327.853126	49761.0
1326.513464	49256.5
1325.173457	49409.5
1323.833103	49164.0
1322.492403	48560.0
1321.151357	48741.5
1319.809963	48502.5
1318.468224	48302.5
1317.126137	47988.0
1315.783703	48207.0
1314.440922	47996.0
1313.097794	47723.5
1311.754319	47723.0
1310.410496	47257.0
1309.066325	47110.0
1307.721806	47433.5
1306.37694	47149.0
1305.031725	46734.0
1303.686162	46907.5
1302.340251	47027.5
1300.993992	46894.5
1299.647384	46487.5
1298.300427	46238.5
1296.953121	46474.0
1295.605466	46407.0
1294.257462	46247.5
1292.909108	46161.5
1291.560406	46189.5
1290.211353	46081.5
1288.861951	46130.0
1287.5122	45748.5
1286.162098	45914.0
1284.811646	45826.5
1283.460844	45858.5
1282.109691	45371.0
1280.758188	45452.0
1279.406334	45411.0
1278.05413	45413.5
1276.701575	45433.0
1275.348668	45197.5
1273.99541	45148.5
1272.641801	45438.5
1271.287841	45145.5
1269.933529	45207.5
1268.578865	45241.5
1267.22385	45213.5
1265.868482	45294.5
1264.512762	45068.5
1263.15669	44935.5
1261.800266	45157.0
1260.443489	45120.5
1259.086359	45166.0
1257.728876	44959.0
1256.371041	45145.5
1255.012852	45375.0
1253.65431	45323.0
1252.295415	45235.0
1250.936166	45437.5
1249.576564	45384.0
1248.216607	45398.0
1246.856297	45283.0
1245.495633	45292.5
1244.134614	45490.0
1242.773242	45450.5
1241.411514	45449.5
1240.049432	45197.5
1238.686996	45238.0
1237.324204	45028.0
1235.961058	45180.0
1234.597556	44778.0
1233.233699	44311.5
1231.869486	44305.0
1230.504918	44143.0
1229.139994	43747.5
1227.774715	43463.5
1226.409079	43468.0
1225.043087	43375.5
1223.676739	43218.0
1222.310035	42805.0
1220.942973	42691.5
1219.575556	42566.0
1218.207781	42294.5
1216.839649	42303.5
1215.471161	42189.5
1214.102315	42253.0
1212.733111	42048.5
1211.36355	41733.5
1209.993632	41513.0
1208.623355	41759.5
1207.252721	41824.5
1205.881729	41396.0
1204.510378	41279.5
1203.138669	41186.5
1201.766601	41408.5
1200.394175	41374.5
1199.02139	41137.5
1197.648246	41035.0
1196.274743	41180.5
1194.900881	41378.0
1193.526659	41335.5
1192.152078	41025.5
1190.777138	41183.5
1189.401837	41039.0
1188.026177	41144.0
1186.650156	40990.0
1185.273776	40986.0
1183.897035	41007.5
1182.519933	40986.0
1181.142471	40766.0
1179.764648	40706.5
1178.386465	40632.0
1177.00792	40450.0
1175.629014	40331.5
1174.249747	40212.5
1172.870118	39977.5
1171.490127	40054.0
1170.109775	39794.0
1168.729061	39495.0
1167.347985	39719.0
1165.966547	39738.5
1164.584746	39816.0
1163.202583	39956.0
1161.820058	39898.5
1160.437169	40121.5
1159.053918	40561.5
1157.670304	41057.0
1156.286326	41668.0
1154.901986	43175.0
1153.517281	44209.5
1152.132213	45744.0
1150.746782	47282.0
1149.360986	48672.5
1147.974827	50230.0
1146.588303	51678.0
1145.201415	52695.0
1143.814163	53427.5
1142.426546	54229.5
1141.038564	54755.0
1139.650217	55377.5
1138.261506	55445.0
1136.872429	55378.5
1135.482986	55714.5
1134.093179	55898.5
1132.703006	55880.0
1131.312467	56095.0
1129.921562	56392.0
1128.530291	56492.5
1127.138654	56139.5
1125.74665	56404.0
1124.35428	56615.5
1122.961544	56416.5
1121.56844	56405.0
1120.17497	56377.5
1118.781133	56238.0
1117.386928	56164.0
1115.992357	55931.0
1114.597417	55851.5
1113.20211	55770.5
1111.806436	55652.5
1110.410393	56012.0
1109.013983	55512.0
1107.617204	55638.5
1106.220057	56041.0
1104.822541	56034.0
1103.424657	55798.5
1102.026403	56056.0
1100.627781	56394.0
1099.22879	56797.5
1097.82943	56776.0
1096.4297	56672.0
1095.029601	56861.5
1093.629132	56916.0
1092.228293	56846.0
1090.827085	56699.5
1089.425506	56706.5
1088.023557	56468.5
1086.621238	55873.5
1085.218548	55405.5
1083.815487	55472.5
1082.412056	55086.0
1081.008253	55015.5
1079.60408	54673.5
1078.199535	54719.0
1076.794619	54601.0
1075.389331	54433.5
1073.983672	54319.5
1072.57764	54215.0
1071.171237	54403.0
1069.764461	54089.5
1068.357314	53504.0
1066.949793	53103.0
1065.5419	53034.5
1064.133635	52758.0
1062.724996	52120.5
1061.315985	51265.0
1059.9066	51146.5
1058.496842	50889.5
1057.086711	50128.5
1055.676206	49640.5
1054.265327	49292.5
1052.854074	49505.0
1051.442447	48742.5
1050.030446	48484.0
1048.61807	48728.5
1047.20532	48396.5
1045.792196	48175.0
1044.378696	48048.5
1042.964822	48124.0
1041.550572	48300.0
1040.135948	48103.5
1038.720947	48228.0
1037.305572	48751.0
1035.88982	48928.0
1034.473693	49261.0
1033.057189	49597.0
1031.64031	49857.5
1030.223054	50763.5
1028.805422	51270.5
1027.387413	51465.0
1025.969028	51899.0
1024.550265	52157.0
1023.131126	51965.0
1021.711609	52135.0
1020.291715	51440.0
1018.871443	51490.0
1017.450794	51384.0
1016.029767	50515.0
1014.608362	49940.5
1013.186579	49856.5
1011.764417	49526.5
1010.341878	48713.0
1008.918959	47961.0
1007.495662	47029.0
1006.071986	46850.5
1004.647932	46413.0
1003.223498	45713.5
1001.798684	45363.5
1000.373491	45516.0
998.9479191	45362.0
997.5219669	44726.5
996.0956349	44315.5
994.6689227	44502.5
993.2418304	44279.0
991.8143577	44436.5
990.3865045	44201.5
988.9582706	44109.5
987.5296559	44093.5
986.1006602	44030.5
984.6712834	43907.0
983.2415254	43851.0
981.8113859	44129.5
980.3808648	43805.5
978.949962	44020.5
977.5186773	44196.5
976.0870105	44057.0
974.6549616	44121.5
973.2225303	44370.0
971.7897166	44651.0
970.3565202	44676.5
968.922941	44634.5
967.4889788	45010.0
966.0546335	45052.0
964.619905	45334.0
963.1847931	45812.5
961.7492976	45832.5
960.3134184	45841.0
958.8771553	46732.0
957.4405082	46715.0
956.0034769	47125.5
954.5660613	47438.0
953.1282611	47986.0
951.6900764	48438.5
950.2515069	48790.5
948.8125524	49379.5
947.3732128	49780.5
945.9334879	50446.5
944.4933777	50775.0
943.0528819	51394.5
941.6120003	51743.0
940.1707329	52121.0
938.7290795	52283.0
937.2870399	52615.5
935.8446139	53040.0
934.4018015	53591.0
932.9586024	53943.0
931.5150165	54285.5
930.0710436	54406.5
928.6266837	55066.0
927.1819365	55691.0
925.7368018	55823.5
924.2912796	56704.5
922.8453696	57025.0
921.3990718	57110.5
919.9523859	57529.5
918.5053118	57857.5
917.0578494	58344.0
915.6099985	58513.5
914.1617588	58245.0
912.7131304	58439.5
911.264113	58559.5
909.8147065	58998.0
908.3649106	58378.5
906.9147253	59983.5
905.4641504	59241.0
904.0131858	58798.0
902.5618312	58880.0
901.1100866	58878.5
899.6579517	58863.5
898.2054265	59008.5
896.7525107	58778.5
895.2992042	58629.0
893.8455068	58548.0
892.3914185	58196.0
890.9369389	57772.5
889.482068	57537.0
888.0268057	57191.5
886.5711517	56394.5
885.1151059	55727.0
883.6586681	55285.0
882.2018382	54676.0
880.7446161	53935.5
879.2870015	53133.0
877.8289943	52569.5
876.3705944	52371.0
874.9118015	52113.5
873.4526156	52225.0
871.9930365	52772.0
870.533064	53486.5
869.072698	54650.0
867.6119382	56015.0
866.1507846	58144.5
864.689237	60026.0
863.2272952	62181.5
861.764959	64321.0
860.3022284	66033.0
858.8391031	67562.5
857.375583	69100.0
855.911668	70120.0
854.4473578	70481.0
852.9826523	70820.5
851.5175513	70834.0
850.0520548	70797.5
848.5861625	69860.5
847.1198742	69720.0
845.6531899	69280.0
844.1861093	68244.5
842.7186323	67945.0
841.2507588	66915.0
839.7824885	66520.0
838.3138213	66107.0
836.8447571	65262.5
835.3752956	64863.0
833.9054368	64338.0
832.4351805	63736.0
830.9645264	63105.5
829.4934745	62390.0
828.0220246	62113.0
826.5501765	61747.0
825.0779301	61201.5
823.6052852	60334.5
822.1322416	59471.5
820.6587992	59041.0
819.1849579	58654.0
817.7107173	57780.0
816.2360775	57002.5
814.7610382	56550.0
813.2855993	55674.5
811.8097606	55275.0
810.3335219	54524.5
808.8568832	54171.0
807.3798441	53334.0
805.9024046	52585.0
804.4245645	52003.0
802.9463237	51527.5
801.4676819	50660.5
799.988639	49791.5
798.5091949	49038.0
797.0293493	48418.5
795.5491022	47146.0
794.0684534	46206.0
792.5874026	45292.5
791.1059498	44252.0
789.6240947	43142.0
788.1418373	42012.0
786.6591773	41280.0
785.1761146	40606.5
783.692649	39409.5
782.2087803	39052.5
780.7245085	38467.5
779.2398332	37837.5
777.7547545	37586.5
776.269272	37159.0
774.7833856	36943.5
773.2970953	36567.0
771.8104007	36547.5
770.3233018	36133.0
768.8357983	36162.0
767.3478902	36180.5
765.8595772	35808.5
764.3708592	36052.0
762.881736	36062.0
761.3922075	36026.0
759.9022734	35695.0
758.4119337	35871.0
756.9211881	35632.5
755.4300366	35439.0
753.9384788	35823.0
752.4465147	35564.5
750.9541441	35431.0
749.4613669	35642.5
747.9681828	35779.0
746.4745917	35639.0
744.9805934	35664.5
743.4861878	35847.0
741.9913748	35792.5
740.496154	35825.0
739.0005254	35882.5
737.5044888	35769.5
736.0080441	35847.5
734.511191	35824.5
733.0139294	36040.0
731.5162592	36084.0
730.0181801	36089.0
728.519692	36202.0
727.0207948	36255.0
725.5214882	36741.0
724.0217722	36536.5
722.5216464	36524.0
721.0211109	36707.0
719.5201653	36817.5
718.0188096	36834.5
716.5170435	36873.0
715.014867	36868.5
713.5122797	37298.0
712.0092816	37222.0
710.5058725	37455.0
709.0020523	37482.0
707.4978207	37237.0
705.9931776	37677.5
704.4881228	37885.5
702.9826561	37675.0
701.4767775	37934.0
699.9704866	38371.5
698.4637834	38230.5
696.9566677	38574.0
695.4491393	38645.0
693.941198	38902.0
692.4328437	39280.0
690.9240762	39456.0
689.4148953	39453.0
687.9053009	39694.5
686.3952928	39986.5
684.8848708	40521.5
683.3740347	40798.5
681.8627845	41213.5
680.3511198	41615.5
678.8390406	41738.5
677.3265467	42378.0
675.8136379	43019.0
674.300314	43641.0
672.7865749	44267.0
671.2724204	44872.5
669.7578502	45651.5
668.2428644	46605.0
666.7274626	47706.5
665.2116448	48614.0
663.6954106	49675.0
662.1787601	50849.5
660.6616929	52131.5
659.144209	53559.0
657.6263081	54683.5
656.1079902	56037.0
654.5892549	57171.0
653.0701021	58425.5
651.5505318	59768.5
650.0305436	60976.0
648.5101375	62237.0
646.9893132	63574.5
645.4680706	65106.5
643.9464095	66844.0
642.4243298	68510.0
640.9018312	69950.5
639.3789136	71705.5
637.8555768	73645.0
636.3318207	74643.0
634.8076451	75603.0
633.2830497	76090.0
631.7580345	75713.0
630.2325993	74852.5
628.7067438	73259.5
627.1804679	71734.0
625.6537715	69081.5
624.1266544	66425.5
622.5991163	64389.0
621.0711572	61691.0
619.5427768	59509.5
618.013975	57768.5
616.4847515	56336.5
614.9551063	55282.5
613.4250392	54001.0
611.8945499	53328.5
610.3636383	52884.5
608.8323043	52417.5
607.3005476	51991.0
605.7683681	51727.5
604.2357655	51037.5
602.7027399	50433.0
601.1692908	49753.0
599.6354183	49531.5
598.101122	49398.0
596.5664019	49069.5
595.0312577	48646.5
593.4956894	48405.0
591.9596966	48270.0
590.4232792	48077.5
588.8864371	47583.0
587.3491701	47455.53235
585.811478	47337.04314
584.2733606	47145.03236
582.7348178	47004.5
581.1958493	47006.5
579.656455	46770.5
578.1166348	46482.5
576.5763884	46584.0
575.0357157	46368.0
573.4946164	46248.5
571.9530905	46262.0
570.4111377	46063.0
568.8687579	46349.5
567.3259509	46118.0
565.7827164	46059.0
564.2390544	45981.0
562.6949647	46172.0
561.150447	46333.5
559.6055013	45928.5
558.0601272	46206.0
556.5143247	46425.0
554.9680936	46418.5
553.4214337	46200.5
551.8743448	46684.5
550.3268267	46807.5
548.7788792	46845.0
547.2305023	46808.5
545.6816956	47328.0
544.1324591	47443.5
542.5827925	47814.0
541.0326957	47770.0
539.4821684	48112.5
537.9312106	48019.0
536.379822	48537.5
534.8280024	48790.5
533.2757518	49330.5
531.7230698	49803.0
530.1699563	49563.0
528.6164111	50063.5
527.0624341	50429.5
525.5080251	50878.0
523.9531839	50740.5
522.3979103	51129.0
520.8422041	51437.5
519.2860652	51316.0
517.7294933	51627.5
516.1724884	52007.0
514.6150501	51871.5
513.0571784	51997.5
511.4988731	52258.5
509.9401339	52453.0
508.3809607	52579.5
506.8213533	52878.0
505.2613116	53044.5
503.7008353	53392.5
502.1399242	53902.0
500.5785783	54179.5
499.0167973	54723.5
497.4545809	55117.0
495.8919292	55592.0
494.3288418	55975.5
492.7653186	56799.0
491.2013593	57680.5
489.6369639	58047.0
488.0721322	58462.0
486.5068638	58810.0
484.9411588	59185.0
483.3750168	59590.0
481.8084378	59773.5
480.2414215	59902.0
478.6739677	59586.5
477.1060762	59673.5
475.537747	59575.0
473.9689797	59428.5
472.3997743	59010.5
470.8301305	58673.0
469.2600481	58369.0
467.689527	58104.0
466.1185669	57764.5
464.5471678	57475.0
462.9753294	57547.5
461.4030515	57020.0
459.8303339	56976.0
458.2571765	57051.0
456.6835791	56936.5
455.1095414	56686.5
453.5350634	56789.5
451.9601448	56665.0
450.3847854	56668.5
448.8089851	56817.0
447.2327437	57188.0
445.6560609	57007.0
444.0789366	57674.5
442.5013707	57951.0
440.9233629	57970.5
439.344913	57972.5
437.7660209	58535.5
436.1866864	59169.5
434.6069092	59208.0
433.0266893	59359.0
431.4460264	60140.5
429.8649203	60566.5
428.2833708	60922.5
426.7013778	61473.0
425.1189411	61749.5
423.5360605	62017.5
421.9527358	62782.0
420.3689668	62748.0
418.7847533	62999.0
417.2000951	63479.5
415.6149922	64040.0
414.0294442	64241.0
412.4434509	64000.0
410.8570123	64455.0
409.2701281	64858.0
407.6827981	65094.5
406.0950221	65088.5
404.5068	65311.0
402.9181315	65611.0
401.3290165	65639.5
399.7394548	65546.0
398.1494462	65386.5
396.5589905	65694.0
394.9680875	65176.0
393.3767371	65383.5
391.784939	65123.0
390.192693	65084.0
388.599999	65127.0
387.0068568	65073.0
385.4132662	65319.0
383.819227	65116.5
382.224739	65275.0
380.629802	65660.5
379.0344159	65749.0
377.4385803	66287.5
375.8422953	66504.5
374.2455605	66765.0
372.6483758	66770.5
371.050741	67131.0
369.4526559	67403.0
367.8541203	67256.5
366.255134	67172.0
364.6556968	66871.5
363.0558086	66388.5
361.4554691	66416.5
359.8546782	65982.0
358.2534356	65459.5
356.6517412	65136.5
355.0495948	64831.0
353.4469962	64239.5
351.8439452	63990.5
350.2404416	63522.0
348.6364852	63423.5
347.0320759	63192.5
345.4272134	62738.0
343.8218975	62839.0
342.2161282	62742.0
340.609905	62513.5
339.003228	62596.5
337.3960968	62850.0
335.7885113	62399.0
334.1804713	62767.0
332.5719766	62880.5
330.963027	63180.5
329.3536224	63574.0
327.7437624	63810.0
326.133447	64047.5
324.522676	64603.0
322.9114491	64592.5
321.2997661	65101.5
319.6876269	65664.0
318.0750313	65230.5
316.4619791	65781.0
314.84847	66057.5
313.2345039	66462.5
311.6200807	66528.0
310.0052	66980.0
308.3898617	67005.0
306.7740657	67141.0
305.1578116	67053.0
303.5410994	67458.0
301.9239289	67524.0
300.3062997	67571.5
298.6882119	67867.5
297.069665	67888.0
295.450659	67920.0
293.8311937	68081.0
292.2112688	68049.0
290.5908842	68181.0
288.9700397	68425.5
287.3487351	68494.5
285.7269701	68978.5
284.1047446	69257.0
282.4820585	69345.5
280.8589114	69444.5
279.2353032	69619.5
277.6112337	69615.0
275.9867028	70052.5
274.3617101	70528.5
272.7362556	70854.0
271.110339	70907.5
269.4839601	70832.5
267.8571187	71603.5
266.2298147	71842.0
264.6020478	72116.5
262.9738178	72383.5
261.3451246	72593.5
259.7159679	72764.5
258.0863476	73010.5
256.4562634	73403.5
254.8257151	73776.0
253.1947026	74459.5
251.5632257	74505.5
249.9312841	75086.5
248.2988777	75433.0
246.6660063	75985.0
245.0326696	76242.5
243.3988674	76708.5
241.7645997	76832.5
240.1298661	77278.0
238.4946665	77666.0
236.8590006	77841.5
235.2228683	78731.5
233.5862694	79270.0
231.9492037	79698.5
230.311671	79678.5
228.673671	80523.5
227.0352036	80697.5
225.3962685	81293.0
223.7568657	81579.5
222.1169948	81741.5
220.4766557	82377.0
218.8358482	82463.0
217.1945721	82992.0
215.5528271	83381.0
213.9106131	83876.5
212.2679299	84359.5
210.6247773	84489.5
208.981155	85239.5
207.3370629	85608.0
205.6925008	86047.5
204.0474685	86716.5
202.4019657	87261.5
200.7559923	87439.0
